4294967294,50
4294967278,132
4294967278,131
4294967278,130
4294967278,129
4294967278,128
4294967278,127
4294967278,126
4294967278,125
4294967278,124
4294967278,123
4294967278,122
4294967278,121
4294967278,120
4294967278,119
4294967278,118
4294967278,117
4294967278,116
4294967278,115
4294967278,114
4294967278,113
4294967278,112
4294967278,111
4294967278,110
4294967278,109
4294967278,108
4294967278,107
4294967278,106
4294967278,105
4294967278,104
4294967278,103
4294967278,102
4294967278,101
4294967278,100
4294967278,99
4294967278,98
4294967278,97
4294967278,96
4294967278,95
4294967278,94
4294967278,93
4294967278,92
4294967278,91
4294967278,90
4294967278,89
4294967278,87
4294967278,86
4294967278,85
4294967278,84
4294967278,83
4294967278,82
4294967278,81
4294967278,80
4294967278,79
4294967278,78
4294967278,77
4294967278,76
4294967278,75
4294967278,74
4294967278,73
4294967278,72
4294967278,71
4294967278,70
4294967278,69
4294967278,68
4294967278,67
4294967278,66
4294967278,65
4294967278,64
4294967278,63
4294967278,60
4294967278,59
4294967278,58
4294967278,57
4294967278,55
4294967278,54
4294967278,53
4294967278,52
4294967278,50
4294967278,49
4294967278,48
4294967278,47
4294967278,46
4294967278,45
4294967278,44
4294967278,43
4294967278,42
4294967278,41
4294967278,40
4294967279,31
4294967279,30
4294967279,28
4294967279,26
4294967279,24
4294967279,14
4294967279,10
4294967279,9
4294967279,8
4294967279,7
4294967279,6
4294967279,5
4294967279,4
4294967279,154
4294967279,152
4294967294,30
4294967294,61
4294967279,151
4294967294,12
4294967279,150
4294967294,11
4294967294,68
4294967279,148
4294967294,436
4294967279,300
4294967294,1419
4294967294,1418
4294967294,1417
4294967278,144
4294967278,293
4294967279,287
4294967279,140
59,5
59,4
4294967279,139
59,3
59,2
59,1
4294967278,136
4294967278,304
4294967278,135
4294967294,5
4294967279,13
4294967294,81
4294967278,303
4294967278,276
4294967278,302
4294967279,20
4294967278,288
4294967278,287
4294967278,274
4294967278,270
57,5
57,4
57,3
57,2
57,1
4294967279,276
4294967278,281
4294967279,261
4294967278,265
4294967279,275
4294967278,301
4294967279,258
4294967279,294
4294967278,279
55,6
4294967294,471
4294967294,962
4294967294,898
4294967294,162
4294967294,909
4294967294,900
4294967294,46
4294967278,261
4294967278,373
4294967279,281
4294967279,293
55,5
4294967294,22
4294967294,107
4294967294,94
4294967294,96
55,4
55,3
55,2
55,1
4294967278,62
4294967278,61
4294967278,56
4294967278,51
4294967279,39
4294967279,38
4294967279,37
4294967279,36
4294967279,35
4294967279,34
4294967279,33
4294967279,32
4294967279,252
54,5
54,4
54,3
54,2
54,1
4294967294,902
4294967294,903
4294967294,185
4294967294,389
4294967294,1415
4294967294,2
4294967294,0
4294967294,1
4294967279,250
4294967294,27
4294967294,92
4294967294,88
4294967294,86
4294967294,418
4294967294,921
4294967294,28
4294967279,568
4294967278,249
4294967279,246
53,5
53,4
4294967279,237
53,3
53,2
53,1
4294967279,238
4294967279,567
4294967279,229
4294967278,233
0,5
4294967279,232
52,5
0,7
4294967294,93
4294967294,95
4294967294,17
4294967294,67
4294967294,99
4294967294,76
4294967294,41
4294967294,423
4294967294,51
4294967294,52
4294967294,946
4294967294,26
4294967294,25
4294967279,227
4294967279,225
52,4
4294967294,9
52,3
52,2
52,1
4294967278,223
4294967279,223
4294967279,221
4294967279,219
4294967279,220
4294967278,219
4294967278,217
4294967279,217
51,5
51,4
4294967279,213
51,3
51,2
51,1
4294967279,212
4294967279,211
4294967279,210
4294967279,209
50,4
50,3
50,2
50,1
4294967279,208
4294967279,566
4294967294,398
4294967294,394
4294967294,113
4294967294,451
4294967294,118
4294967278,372
4294967279,565
4294967278,371
4294967279,564
4294967278,370
4294967278,369
4294967279,563
4294967278,368
4294967279,197
49,4
4294967279,196
49,3
49,2
49,1
4294967279,195
4294967278,194
4294967293,131
4294967293,130
4294967293,129
4294967293,128
4294967293,127
4294967293,126
4294967293,125
4294967293,124
4294967293,123
4294967293,122
4294967293,121
4294967293,120
4294967293,119
4294967293,118
4294967293,117
4294967293,116
4294967293,115
4294967293,114
4294967293,113
4294967293,112
4294967293,111
4294967293,110
4294967293,109
4294967293,108
4294967293,107
4294967293,106
4294967293,105
4294967293,104
4294967293,103
4294967293,102
4294967293,101
4294967293,100
4294967293,99
4294967293,98
4294967293,97
4294967293,96
4294967293,95
4294967293,94
4294967293,93
4294967293,92
4294967293,91
4294967293,90
4294967293,89
4294967293,87
4294967293,86
4294967293,85
4294967293,84
4294967293,83
4294967293,82
4294967293,81
4294967293,80
4294967293,79
4294967293,78
4294967293,77
4294967293,76
4294967293,75
4294967293,74
4294967293,73
4294967293,72
4294967293,71
4294967293,70
4294967293,69
4294967293,68
4294967293,67
4294967293,66
4294967293,65
4294967293,64
4294967293,63
4294967293,62
4294967293,61
4294967293,60
4294967293,59
4294967293,58
4294967293,57
4294967293,56
4294967293,55
4294967293,54
4294967293,53
4294967293,52
4294967293,51
4294967293,50
4294967293,49
4294967293,48
4294967293,47
4294967293,46
4294967293,45
4294967293,44
4294967293,43
4294967293,42
4294967293,41
4294967293,40
4294967293,39
4294967293,38
4294967293,37
4294967293,36
4294967293,35
4294967293,34
4294967293,33
4294967293,32
4294967293,31
4294967293,30
4294967293,29
4294967293,28
4294967293,27
4294967293,26
4294967293,25
4294967293,24
4294967293,23
4294967293,22
4294967293,21
4294967293,20
4294967293,19
4294967293,18
4294967293,17
4294967293,16
4294967293,15
